id	label	x	y	cluster	weight<Links>	weight<Total link strength>	weight<Occurrences>	score<Avg. pub. year>
1	'7 middagh street'	-0.3253	-0.0613	17	3	3	1	2003
2	'at the auction of the ruby slippers'	-0.4008	0.5129	20	8	8	1	2000
3	'august blue'	0.1371	-1.1269	12	6	6	1	2002
4	'bardon bus'	-1.0434	0.5735	18	6	6	1	2003
5	'click'	-0.6932	0.4566	34	5	5	1	2005
6	'cofiant'	-0.136	-0.3463	21	2	2	1	2003
7	'compensation'	0.4483	0.1583	25	6	6	1	2010
8	'der erzähler'	0.0103	0.3729	9	6	6	1	2007
9	'entropy'	0.1935	-0.5619	30	5	5	1	2011
10	'fifty-seven views of fujiyama'	0.1429	-1.1309	12	6	6	1	2002
11	'her habit'	-0.4806	-0.3842	22	6	6	1	2001
12	'his carpets flowered'	-0.596	-0.139	2	3	3	1	2005
13	'kaddish'	0.28	0.0884	25	4	4	1	2001
14	'la faustienne'	-0.9177	-0.2661	19	7	7	1	2009
15	'max ferber'	0.0802	-0.0885	25	3	3	1	2007
16	'memories of west street and lepke'	-0.2571	0.3728	13	5	5	1	2000
17	'paean to place'	-0.555	0.2931	6	3	3	1	2005
18	"'please, thank you'"	-0.5217	0.2296	6	7	7	1	2015
19	'prelude to our age: a negro history poem'	-0.0002	0.1975	1	6	6	1	2011
20	'sea oak'	-0.68	-0.466	10	3	3	1	2012
21	'so much water so close to home'	-0.6063	-1.0092	33	3	3	1	2002
22	'somebody blew up america'	-0.4053	0.093	2	4	4	1	2004
23	'the balloon'	-0.3986	0.4994	20	8	8	1	2000
24	'the burglar of babylon'	-0.1567	0.8873	28	5	5	1	2001
25	'the death mask of pancho villa'	-0.5129	0.2324	6	7	7	1	2015
26	'the practice of outside'	0.0553	0.9583	16	3	3	1	2010
27	'the rejection of closure'	-0.9095	-0.2655	19	7	7	1	2009
28	'the untrustworthy speaker'	-0.4854	-0.3786	22	6	6	1	2001
29	'the yoke'	-0.4861	-0.3892	22	6	6	1	2001
30	'this window makes me feel'	0.4185	0.2446	1	6	6	1	2020
31	'thorow'	0.3279	-0.2545	15	6	8	2	2010
32	'west wind'	-0.9148	-1.1602	37	3	3	1	2006
33	'what he saw'	-0.4086	0.5092	20	8	8	1	2000
34	(periodical)	0.5941	-0.1923	15	9	10	2	2009
35	1100-1499 middle english period	-0.6096	0.1276	5	8	8	1	2018
36	1500-1599	-0.4845	0.3996	5	6	6	1	2018
37	1600-1699	0.1487	-1.1278	12	6	6	1	2002
38	1700-1799	-0.1561	-0.8853	14	4	4	1	2019
44	1970s	0.2326	-0.1403	22	9	10	2	2012
46	abjection	-0.1803	-0.684	10	3	3	1	2003
47	absence	-0.2808	-0.3085	9	4	4	1	2005
48	absent woman	0.6187	0.3618	8	2	2	1	2012
49	academia	3.0531	1.6277	42	4	4	1	2005
50	academic culture	0.7501	-0.4499	7	5	5	1	2016
51	accident	-0.0584	0.2811	9	10	10	2	2011
52	acquired immune deficiency syndrome	-0.9222	0.0939	26	8	9	3	2009
53	activism	-0.6804	0.068	26	17	18	3	2009.3333
54	adolescent soldiers	0.926	-0.2968	24	7	7	1	2019
55	advertising	0.5795	-0.7419	38	2	2	1	2018
56	aesthetic experience	-0.15	-0.5083	10	5	5	1	2012
57	aesthetics	0.0799	0.0154	15	28	34	10	2010.5
58	afghanistan	0.496	0.0046	23	3	3	1	2019
59	african american community	0.3911	-0.1537	32	8	9	2	2006
60	african american experience	-0.1606	0.8101	28	18	21	4	2005.75
61	african american identity	-0.4616	0.592	35	11	12	2	2009.5
62	african american literature	1.4504	2.6088	44	3	3	1	2019
63	african american novelists	-0.062	0.3532	15	18	23	4	2013.5
64	african american poets	-0.2253	0.3633	31	20	24	4	2013.25
65	african american poets (2000-2009)	0.0333	0.9577	16	3	3	1	2011
67	african american women poets	-0.2415	0.3325	3	16	21	5	2017
68	african american writers	-0.2477	0.001	5	13	18	5	2012.4
69	african american-jewish relations	-0.1264	0.1326	5	7	8	2	2004
70	african diaspora	-0.4904	0.5616	35	4	4	1	2005
71	african history	-0.5934	-0.996	33	2	2	1	2006
72	african literature	-0.5285	0.0289	5	13	13	3	2012
73	afrikaans language literature	0.3523	0.2808	1	4	4	1	2006
74	afro-caribbean women poets	0.2659	0.9577	13	3	3	1	2020
75	afro-caribbean writers	-0.3618	0.1003	5	5	5	1	2018
76	afrocentrism	-0.578	0.391	18	5	6	2	2004
77	agency	-0.3395	-0.556	14	3	3	1	2009
78	alien beings	0.1508	-0.1694	27	6	6	1	2009
79	alien worlds	0.5262	0.0757	21	4	4	1	2018
80	alienation	-0.1843	-0.4303	10	4	4	1	2013
81	allegory	0.702	-0.6063	7	4	4	1	2010
82	allusion	-0.3195	-0.4112	10	24	27	6	2011
83	alphabet book	-0.4918	-0.5667	33	5	5	1	2008
84	alternative history	-0.1451	-0.0717	21	7	7	1	2018
85	american landscape	0.4314	-0.3088	12	2	2	1	2001
86	american literature	0.0984	0.0993	39	725	1268	391	2009.2046
89	american poetry	0.528	0.428	41	3	3	1	2002
90	american western novel	-0.0434	-0.0453	3	14	15	3	2007.3333
91	american-chinese relations	0.021	-0.2373	9	6	6	1	2017
92	amnesia	-0.6545	-0.1379	19	4	4	1	2003
93	anagram	-0.2062	0.8722	28	7	7	1	2003
94	anarchism	0.0287	0.0405	9	6	6	1	2008
95	angel	-0.2056	-2.3731	49	2	2	1	2001
96	animal-human relations	-0.1757	-0.7541	14	20	25	6	2018
97	animals	0.4487	0.0789	8	5	5	2	2007
98	anthropomorphism	-0.1997	-0.8763	14	3	3	1	2018
99	anticolonialism	-0.5978	0.0698	5	14	14	2	2017.5
100	antiracism	-0.0247	-0.1873	1	7	7	1	2016
101	apartheid	0.344	0.2149	1	14	16	3	2012
102	apostrophe	-0.4916	-0.3837	22	6	6	1	2001
103	appalachian culture	-0.1846	-0.1498	5	6	6	1	2020
104	appropriation	-0.6508	0.3406	18	7	8	2	2011.5
105	archives	-0.0016	0.1364	1	11	12	3	2010.3333
106	art	-0.2754	-0.0995	17	9	9	2	2006.5
107	artificial intelligence	0.6294	0.4079	1	5	5	1	2019
108	artist	-0.1089	0.471	15	6	6	1	2014
109	artistic expression	0.2498	-0.0073	3	4	4	1	2008
110	asia	0.8099	-1.8568	40	3	3	1	2020
111	asian american identity	0.1773	0.2649	9	10	11	3	2009
112	asian american poets	-0.303	0.7521	31	3	5	2	2008
114	asian american writers	0.2798	0.3252	20	5	6	2	2006
115	asian americans	-0.0971	0.251	16	4	4	1	2004
116	astronomical imagery	-0.265	0.4274	3	4	4	1	2020
117	attention	0.3661	-0.5439	27	3	3	1	2017
118	audience	-0.1389	0.5451	13	6	6	1	2008
119	australian literature	0.0464	-0.3738	3	14	15	3	2009.3333
120	authenticity	-0.054	0.3796	16	11	11	3	2009.3333
121	authorial self	0.1395	0.5272	11	6	6	1	2011
122	authoritarianism	0.8101	-0.1456	11	8	8	1	2017
123	authorship	-0.4539	-0.0423	2	15	15	3	2016.3333
124	autobiographical fiction	-0.5482	-0.196	2	8	9	2	2013
125	autobiographical novel	0.4325	-0.1047	23	6	6	1	2017
126	autobiography	-0.085	0.2107	16	8	9	3	2003.6667
127	automobile travel	0.0262	0.6303	9	4	4	1	2019
128	avant-garde	0.6537	-0.417	7	10	12	3	2016
129	avant-garde poetry	-0.4906	-0.6773	33	7	9	3	2008
130	ballad	-0.1505	0.89	28	5	5	1	2001
131	banality	0.0445	-0.1819	30	7	7	1	2014
132	barbadian literature	-0.0226	0.1298	16	6	6	2	2010
133	"baxter, bella (character)"	-0.6069	-0.4036	10	3	3	1	2001
134	beat generation	-0.824	0.1436	2	3	5	3	2007.6667
135	beauty	-0.0805	-0.5293	10	10	10	2	2012.5
136	belatedness	0.6754	0.1239	24	3	3	1	2011
137	belonging	-0.0107	-0.5544	10	5	5	1	2013
138	bibliographical features	-0.6254	-0.5016	10	2	2	1	2016
139	biodiversity	0.5298	0.0706	21	4	4	1	2018
140	biographical criticism	0.3666	-0.3796	38	2	2	1	2013
141	biotechnology	0.1328	0.2123	9	6	6	1	2020
142	black aesthetic	-0.2771	0.6214	31	6	7	2	2011
143	black experience	-0.365	0.0954	5	5	5	1	2018
144	black identity	-0.2259	0.2839	15	26	32	6	2012
145	black mountain poets	0.9145	-0.7826	29	5	5	1	2018
146	black poetry movement	-0.4425	0.1723	26	8	8	1	2015
147	black writers	-0.6589	0.2706	18	3	3	1	2018
148	black-white relations	-0.2058	-0.1331	5	9	14	3	2019.6667
149	book	0.4589	0.3661	1	5	5	1	2002
150	booker prize	-0.7202	-0.5934	10	2	2	1	2000
151	boredom	0.1012	-0.3314	30	11	12	2	2013
152	boundary	0.0556	0.9536	16	3	3	1	2010
153	bourgeois politics	-0.8336	0.5401	18	3	3	1	2008
154	brazilian literature	-0.4198	1.0123	31	3	3	1	2001
155	british and irish literatures	-0.1874	-0.2752	17	13	14	8	2005.125
156	british empire	0.79	-1.8294	40	4	4	1	2007
157	british imperialism	0.1205	-0.2499	32	15	15	3	2010.3333
158	buddhism	0.5404	0.638	41	3	3	1	2006
159	bureaucracy	0.1439	-0.435	30	5	5	1	2012
160	business imagery	-0.8727	-0.0192	19	3	3	1	2011
161	california	2.2484	0.9277	56	2	2	1	2019
162	camp	-0.4289	-0.5654	10	5	5	2	2009.5
163	canadian literature	-0.5191	0.2855	18	59	67	18	2009.5
165	capitalism	0.0969	0.0491	3	28	33	8	2012.625
166	care	-0.3727	-0.2301	2	6	6	2	2011
167	caregiver	0.5035	-0.3495	32	8	8	1	2014
168	caribbean identity	0.1376	0.5345	11	6	6	1	2011
169	caribbeans	0.2242	0.3118	11	4	4	1	2002
170	catholicism	2.2853	1.1508	55	2	2	1	2006
171	certainty	0.0924	-0.2979	4	6	6	1	2016
172	characterization	0.4544	0.195	15	3	3	1	2009
174	child characters	-0.1791	-0.4287	10	4	4	1	2013
175	chinese american experience	-0.5646	-0.9387	33	2	2	1	2006
176	chinese american identity	-0.0572	-0.7442	12	4	4	1	2005
177	chinese american writers	1.387	0.9241	39	1	1	1	2010
178	chinese literature	-0.5406	-0.8931	33	5	5	2	2009.5
179	christianity	-0.5811	0.0971	5	11	13	3	2015
180	church	0.0676	-0.635	4	4	4	1	2004
181	citation	3.0487	1.6246	42	4	4	1	2005
182	city	0.0097	-0.5112	4	9	9	2	2010.5
183	civil rights movement	-0.441	0.163	26	8	8	1	2015
184	civil war	0.9321	-0.2861	24	7	7	1	2019
185	climate change	0.5215	0.1248	8	4	4	1	2009
186	close reading	0.3827	0.5706	20	3	3	1	2010
187	closure	-0.75	-0.3128	19	16	17	3	2008.3333
188	coal miners	0.0236	-0.2295	9	6	6	1	2017
189	cold war	0.2963	0.5189	20	16	24	9	2007.1111
190	collectors	0.3398	0.5532	20	4	4	1	2004
191	colonialism	-0.8467	0.4446	18	12	14	3	2008
192	color	0.2627	0.9557	13	3	3	1	2020
193	commercialism	0.7457	-0.4542	7	5	5	1	2016
196	communism	0.2538	-0.1121	21	3	3	1	2020
197	community	-0.4694	0.0315	17	23	25	5	2010.4
198	comparative approach	-0.7473	0.001	26	6	6	1	2004
199	composer	1.7896	1.5409	50	2	2	1	2020
200	computer	0.5837	-0.4374	36	6	6	1	2013
201	computer networks	0.0222	-0.0701	29	6	6	1	2011
202	computer technology	0.5206	0.3573	1	13	14	4	2011.75
203	conceptual art	-0.4297	0.9603	31	9	10	2	2013
204	conceptual poetry	0.4101	0.245	1	6	6	1	2020
205	concrete poetry	-0.4224	1.0025	31	5	6	2	2007
206	conformity	0.5807	-0.431	36	6	6	1	2013
207	consciousness	0.3937	0.1551	8	11	11	3	2007.3333
208	conspiracy	-0.4015	-0.7486	27	2	2	1	2002
209	constraints	-0.8166	0.307	6	4	4	1	2007
210	consumer society	0.5713	-0.7299	38	3	4	2	2014
211	consumerism	-0.0345	0.1709	3	17	19	4	2015.5
212	contemporaneity	0.423	-0.2504	24	6	7	2	2012.5
213	control	-0.1566	0.2874	16	4	4	1	2001
214	corporation	0.5142	-0.4392	36	11	12	2	2013
215	corporeality	-0.9735	0.1045	26	3	3	1	2007
216	cosmopolitanism	-0.0197	-0.4738	4	8	8	2	2013.5
217	counterculture	0.9902	-0.4101	24	6	6	1	2013
218	creative process	-0.8084	0.3059	6	5	5	2	2005
219	creative writing programs	-0.5431	-0.042	2	4	5	2	2011
220	crime	0.4529	-0.4483	36	6	6	1	2013
221	crime novel	0.2573	-0.4432	27	6	6	1	2016
222	crisis	-0.2146	-0.3198	22	14	16	3	2013.6667
223	critical race theory	-0.1696	0.7563	28	4	4	1	2004
224	criticism	-0.1133	-0.0874	17	23	27	5	2010.4
225	criticism (1960-2009)	-0.4221	0.2657	6	4	4	1	2012
226	cross-cultural identity	0.1475	-0.257	32	7	7	1	2008
227	cross-cultural relations	-0.2112	0.4552	20	2	2	1	2012
228	cruising	0.3408	-0.704	4	6	6	1	2019
229	cuba	-0.857	-0.2101	19	3	3	1	2003
230	cultural assimilation	-0.093	0.2549	16	4	4	1	2004
231	cultural authenticity	-0.2863	-0.5802	30	11	12	2	2011.5
232	cultural change	0.6671	-0.6358	7	10	10	1	2014
233	cultural context	-0.1448	0.3462	13	6	6	1	2012
234	cultural differences	0.0778	0.5117	11	7	7	2	2008
235	cultural politics	-0.7219	-0.4502	14	11	11	2	2011
236	cultural relations	1.1513	-0.8736	29	6	6	1	2017
237	cultural space	0.0389	0.2157	9	4	4	1	2008
238	cultural values	-0.5816	-0.5436	10	4	4	1	2009
239	cybernetics	-0.5056	-0.0439	6	3	3	1	2001
240	cyberpunk	0.5556	-0.0677	23	3	3	1	2012
241	cyclical structure	-0.36	2.3216	54	2	2	1	2000
242	czech literature	0.0111	-0.5203	4	3	3	2	2006
243	daily life	0.2839	-0.4628	27	23	28	6	2013.3333
244	database	-0.4351	0.9481	31	7	7	1	2013
245	death	0.0537	0.1517	9	31	34	8	2011
246	deception	0.386	-0.4383	36	9	10	2	2009
247	decline	0.9596	-0.6291	7	4	4	1	2013
248	decolonization	0.9629	-0.6343	7	4	4	1	2013
249	deep image	0.0315	0.9112	16	2	2	1	2001
250	democratic party	0.9871	-0.4027	24	6	6	1	2013
252	desire	-0.4185	-0.4605	22	34	37	7	2008.8571
253	despair	-0.035	0.786	28	6	6	1	2009
254	destiny	0.6229	0.4107	1	5	5	1	2019
255	destruction	-0.3105	-0.7048	14	4	4	1	2015
256	detective novel	2.3232	0.8901	51	2	2	1	2002
257	dialogism	0.322	-0.2019	7	7	7	2	2008
258	diaspora	-0.3354	-0.6729	30	7	7	1	2011
259	dictatorship	0.8167	-0.1506	11	8	8	1	2017
260	digital technology	-0.478	0.2315	34	19	22	5	2012.6
261	digression	-1.2067	-0.2375	19	6	6	1	2009
262	dilemma	-0.0233	0.2335	15	7	7	1	2015
263	diplomacy	1.1515	-0.8627	29	6	6	1	2017
264	disability	0.2983	0.068	25	17	18	3	2012.3333
265	disabled poets	-0.6267	0.2326	6	7	7	1	2012
266	displacement	0.4576	-0.4037	32	15	15	2	2013.5
267	dispossession	0.045	0.7145	16	9	9	2	2017
268	divine grace	-0.0178	0.3402	11	7	7	2	2011.5
269	doctor	0.2336	0.1184	23	5	5	1	2016
270	document	0.3886	0.6455	20	3	3	1	2007
271	documentary poetry	0.1902	0.1696	1	8	9	2	2018
272	domesticity	0.3045	-0.3731	27	5	6	2	2006
273	dominican american novelists	-0.339	-0.6809	30	7	7	1	2011
274	double consciousness	-0.2036	0.8797	28	7	7	1	2003
275	doubling	-0.1954	0.8783	28	7	7	1	2003
276	drama	-0.0221	0.5509	13	47	63	16	2008.625
277	dramatic monologue	-0.3231	-0.011	17	6	6	1	2014
278	dream	-0.4386	0.6208	35	8	8	1	2014
279	dying	0.3949	0.2165	8	4	4	1	2007
280	dystopian novel	0.046	0.2443	15	7	7	1	2017
281	earth imagery	-0.4252	1.0776	31	4	4	1	2009
282	ecocentrism	0.2364	0.4968	8	3	3	1	2000
283	ecocritical approach	0.1762	0.4794	8	15	22	4	2018.25
284	ecocriticism	0.4521	0.1336	8	27	34	9	2010.6667
285	ecology	0.0138	0.0712	8	15	19	4	2014.75
286	economic change	-0.4373	0.9409	31	7	7	1	2013
287	economic value	-0.1106	0.0876	3	6	6	1	2009
288	ecosystem	0.5324	0.0767	21	4	4	1	2018
289	egyptian literature	-0.2575	-0.0273	6	4	4	1	2013
290	ekphrasis	-0.3751	0.5192	20	10	11	2	2002.5
291	emigration	0.0117	-0.1813	14	3	3	1	2005
292	emotions	0.3591	-0.1018	23	15	16	3	2015.6667
293	empathy	-0.0341	-0.1227	1	20	27	6	2015
294	empire	0.9572	-0.6345	7	4	4	1	2013
295	employer-employee relations	0.3305	0.3886	23	6	6	1	2016
296	england	0.9134	-0.7902	29	5	5	1	2018
297	english caribbean literature	-0.48	0.0615	5	11	11	3	2013.6667
300	english literature	0.0633	-0.2115	37	227	302	93	2010.4946
301	english politics	-0.9146	-1.1562	37	3	3	1	2006
302	english-scottish relations	-0.7218	-0.5904	10	2	2	1	2000
303	entropy	0.2076	-0.5876	30	6	7	2	2013
305	environmental crisis	0.3054	0.3189	8	22	31	6	2016.6667
306	epic	0.8217	-0.0587	11	3	3	1	2005
307	epistolary novel	-0.4321	0.6103	35	8	8	1	2014
308	erasure	0.6048	0.0322	15	6	6	1	2020
309	eroticism	-0.2252	-0.1579	17	3	3	1	2010
310	essay	-0.1948	-0.8764	14	3	3	1	2018
311	essentialism	-0.4934	0.567	35	4	4	1	2005
312	ethics	0.1597	-0.0029	23	55	72	16	2012.75
313	ethnic identity	-0.1098	0.3025	16	46	60	13	2010.1538
314	ethnicity	-0.1444	0.2492	16	4	5	2	2000.5
315	exemplarity	0.1582	-0.0363	25	6	6	1	2014
316	exile	-0.5147	-0.3094	14	13	13	3	2009
317	existentialism	-0.5828	-0.5489	10	4	4	1	2009
318	expatriate homosexual men poets	0.3357	-0.7095	4	6	6	1	2019
319	experience	-0.3522	0.2695	21	5	5	1	2013
320	experimental form	-0.8718	-0.0155	19	3	3	1	2011
321	experimental poetry	-0.3331	0.5837	31	27	33	7	2012.2857
322	facsimile	0.1208	0.0152	15	2	2	1	2015
323	factuality	0.0232	0.2609	16	4	4	1	2019
324	failure	-0.0255	0.2551	9	8	8	2	2010.5
325	fame	-0.5842	-0.0751	2	6	6	1	2017
326	family	0.5519	-0.1394	23	10	10	2	2015.5
327	farm workers	0.2114	0.5773	8	9	9	1	2017
328	fatalism	-1.2105	-0.2475	19	6	6	1	2009
329	fate	2.265	-0.9756	52	2	2	1	2002
330	father-son relations	0.4835	-0.3289	32	9	11	2	2008.5
331	female body	-0.3291	-0.2945	17	4	4	1	2006
332	female experience	-0.0388	0.7931	28	6	6	1	2009
333	female narrator	-1.0468	0.5635	18	6	6	1	2003
334	female subjectivity	-0.7502	0.4231	34	4	4	1	2011
335	female voice	-0.3688	-0.8039	30	3	3	1	2006
336	femininity	-0.9836	0.5307	18	5	5	1	2003
337	feminism	-0.5659	0.1023	5	6	6	2	2006.5
338	feminist approach	-0.2646	0.1518	3	5	5	1	2019
339	feral child	-0.2083	-0.9006	14	3	3	1	2020
341	fictionality	2.2634	-0.9779	52	2	2	1	2002
343	film adaptation	0.1801	0.1857	1	7	7	1	2008
344	finance	0.3312	-0.2752	12	5	5	1	2010
345	first person narrator	-0.2248	-0.1893	9	8	8	2	2009
346	flatness	0.2065	0.794	13	8	8	1	2003
347	flesh	-0.2472	0.5111	6	4	4	1	2004
348	folk literature	0.7646	-0.6428	7	21	30	4	2009.75
349	folk music	0.5719	-0.3137	29	10	13	2	2003.5
350	folk narrative	0.8109	-0.718	7	3	3	1	2003
351	folk poetry	0.7425	-0.6067	7	18	27	3	2012
352	folk song	0.747	-0.5982	7	18	27	3	2012
353	folk tale	0.8082	-0.7205	7	3	3	1	2003
354	food	-0.216	0.3842	3	7	9	2	2018
355	foreign policy	-0.0749	-0.3634	4	5	5	1	2013
356	formalism	0.5262	0.4324	41	3	3	1	2002
357	framing	0.1537	-0.2525	32	7	7	1	2008
358	free indirect discourse	-0.7729	-0.494	14	6	6	1	2008
359	freedom	-0.6667	-0.4139	14	5	5	1	2014
360	freedom of choice	0.8335	-0.6178	7	9	9	1	2011
361	french caribbean literature	-0.5923	0.029	5	6	6	1	2017
362	french language literature	-0.5494	0.0837	5	4	4	1	2013
363	french literature	0.0086	0.5728	13	28	37	8	2004.875
364	friendship	-0.3707	-0.3337	14	13	16	4	2014.75
365	frontier	-0.1299	0.6673	16	5	5	1	2009
366	fundamentalism	0.0955	-0.3054	4	6	6	1	2016
367	game	-0.799	-0.1177	19	3	3	1	2007
368	gaze	0.2769	0.5364	13	10	10	2	2014.5
369	gender	-0.3246	0.0618	13	16	21	5	2011.8
370	genre conventions	-0.3892	-0.3119	2	57	66	12	2010.25
371	gentleman	0.2551	-0.3019	32	3	3	1	2014
372	geopolitics	-0.3537	2.4965	53	2	2	1	2014
373	german literature	0.0204	-0.0248	25	35	40	10	2011.3
374	germany	-0.1521	-0.069	21	7	7	1	2018
375	ghana	1.4496	2.6044	44	3	3	1	2019
376	ghost	0.2022	0.78	13	10	10	2	2003
377	gift	0.3616	-0.0761	23	4	4	1	2016
378	global warming	0.243	0.2506	8	4	4	1	2018
379	globalization	0.0182	-0.1231	4	50	61	13	2011.5385
380	god	0.1958	0.7945	13	8	8	1	2003
382	gothic conventions	0.2566	-0.4352	27	6	6	1	2016
383	gothicism	0.0639	-0.6303	4	4	4	1	2004
385	graphic form	0.6015	0.0258	15	6	6	1	2020
387	greece	0.8056	-1.8588	40	3	3	1	2020
388	greek immigrants	0.4747	0.0355	11	5	5	1	2008
389	"greenwood, esther (character)"	-0.6657	-0.3355	2	8	8	1	2015
390	group identity	-0.7394	0.0079	26	8	9	2	2004.5
391	guyanese literature	0.1124	0.5189	11	9	9	2	2010.5
392	hallucination	0.2361	0.0242	25	8	8	1	2014
393	heritage	0.342	0.5584	20	4	4	1	2004
394	hermaphrodite	0.472	0.0297	11	5	5	1	2008
395	heroine	-0.5721	-0.6025	22	5	5	1	2011
396	hispanic american poets (2000-2009)	-0.5972	-0.0145	6	2	2	1	2011
397	hispanic american writers	-0.0679	-0.5606	10	6	6	1	2018
398	historical events	0.0238	0.1551	1	5	5	1	2017
399	historical fiction	-0.2149	-0.0913	26	8	8	1	2010
400	historical fiction (1960-1999)	-0.399	-0.0405	6	3	3	1	2003
401	historical novel	-0.2194	-0.2152	17	9	10	2	2010
402	historical novel (1990-2003)	0.3726	0.4444	20	5	5	1	2011
403	historical revisionism	-0.0413	-0.0557	3	2	2	1	2001
404	historiography	0.0131	-0.732	12	6	6	1	2016
405	history	-0.7697	-0.1917	19	13	16	5	2005
406	history of the book	-0.6798	0.2936	34	4	4	1	2015
407	holocaust survivors	-0.3887	-0.2369	14	3	3	1	2004
408	home	-0.1255	0.4384	15	14	16	4	2011.75
409	homosexual identity	-0.2253	-0.2669	17	4	4	1	2010
410	homosexual male characters	-0.3453	-0.2601	14	4	4	1	2019
411	hospitality	0.1174	0.0717	23	11	11	3	2013.3333
412	houses	0.1297	-1.0067	12	4	4	1	2004
413	human body	-0.4408	-0.0089	6	36	46	9	2011.4444
414	human nature	0.525	0.1291	8	4	4	1	2009
415	human race	0.6238	0.4034	1	5	5	1	2019
416	human relations	0.1515	-0.0408	25	6	6	1	2014
417	human rights	-0.2632	-0.0269	6	4	4	1	2013
418	human voice	-0.1548	-0.4572	12	5	5	1	2005
419	humanism	0.4106	0.3288	1	9	9	2	2004
420	humanitarianism	0.9249	-0.2838	24	7	7	2	2018.5
421	humor	-0.1754	-0.6274	10	9	11	3	2007.6667
422	hurricane katrina	0.2216	0.1482	1	6	6	1	2017
423	hybridity	0.3309	0.1597	11	12	13	3	2007
424	hypertext	-0.686	0.4577	34	5	5	1	2005
425	hypertext fiction	-0.7479	0.4269	34	4	4	1	2011
426	hypertext novel	0.7637	-0.0715	11	2	2	1	2000
427	hysteria	-0.9859	0.5238	18	5	5	1	2003
428	identification	-0.1448	0.5505	13	6	6	1	2008
429	identity	0.299	-0.2514	36	24	29	6	2009.5
430	identity formation	-0.705	-0.5852	10	2	2	1	2012
431	identity politics	0.1581	-0.1688	27	6	6	1	2009
432	ideology	-0.3954	0.5068	20	8	8	1	2000
433	igbo tradition	0.0173	0.3685	9	6	6	1	2007
434	imagery	0.2319	0.7003	13	16	16	3	2010.3333
435	imagination	-0.1826	0.4564	20	5	5	2	2006
436	immigrant experience	-0.021	-0.5417	10	13	14	3	2012.3333
437	immigrant identity	-0.0543	0.1549	16	3	3	1	2006
438	immigrant women novelists	1.4536	2.6055	44	3	3	1	2019
439	immigrants	0.4623	-0.5325	38	4	4	1	2001
440	immigration	0.194	0.3058	9	3	3	1	2006
441	immortality	0.1296	0.2063	9	6	6	1	2020
442	imperialism	-0.4832	0.2945	18	21	23	5	2008
443	imprisonment	0.8105	-0.1552	11	8	8	1	2017
444	improvisation	0.4414	-0.1913	29	14	15	2	2005
445	indexing	-0.4298	0.9385	31	7	7	1	2013
446	indian american poets	-0.2037	-0.9022	14	3	3	1	2020
447	indian american women novelists	0.3195	0.3883	23	6	6	1	2016
448	indian canadian novelists	-0.0427	0.4411	11	5	5	1	2010
449	indian literature	-0.1618	-0.0234	20	61	73	13	2012.4615
450	individualism	-0.0312	0.228	15	7	7	1	2015
451	information	-0.4264	0.9452	31	7	7	1	2013
452	information culture	-0.0283	-0.7374	12	4	4	1	2003
453	information theory	0.219	-0.6106	30	2	2	1	2015
454	infrastructure	0.1996	0.0734	25	10	10	2	2015
455	innovation	-0.2978	0.6579	31	4	4	1	2014
456	intellectual life	2.988	-1.5999	43	4	4	1	2002
457	intellectualism	-0.2033	0.6995	31	4	4	1	2007
458	intentional fallacy	-0.1691	0.1386	9	4	4	1	2015
459	interiority	-0.7704	-0.4869	14	6	6	1	2008
460	internationalism	-0.322	0.1357	4	3	3	1	2002
461	internship	-0.6698	-0.3431	2	8	8	1	2015
462	intersubjectivity	-0.2917	-0.3913	9	3	3	1	2009
463	intertextuality	0.3677	0.1848	15	26	31	7	2011.4286
464	intimacy	-0.361	-0.5803	14	12	13	3	2014
465	intrusive narrator	0.1009	-0.299	4	6	6	1	2016
466	intuition	-0.9103	-1.158	37	3	3	1	2006
467	iraq war (2003)	0.4563	-0.2209	24	13	14	2	2015.5
468	irish literature	-0.0561	0.0997	13	69	88	28	2008.5357
469	irony	0.2022	-0.5359	30	6	7	2	2006
470	istanbul	-0.098	-0.3855	4	7	7	1	2018
471	jamaican literature	0.2661	0.9532	13	3	3	1	2020
472	japanese literature	0.1471	-1.1212	12	6	6	1	2002
473	jazz music	0.5666	-0.3196	29	10	13	2	2003.5
474	jazz musicians	-0.4403	0.6124	35	8	8	1	2014
475	jazz song	0.6219	-0.3489	29	4	4	1	2006
477	jewish american novelists	0.5763	-0.0243	15	11	12	2	2017
478	jewish american poets	0.2276	0.1521	1	6	6	1	2017
479	jewish american women	-0.1341	0.4925	15	2	2	1	2001
481	jewish identity	-0.0522	0.505	11	9	9	2	2009
482	jewish immigrants	-0.1364	0.6685	16	5	5	1	2009
483	jewish russians	0.2798	0.0834	25	4	4	1	2001
484	jewish spaniards	-0.8589	-0.2067	19	3	3	1	2003
485	jewish writers	-0.1702	0.0962	5	3	3	1	2001
486	journalism	0.1312	0.1065	3	5	5	1	2020
488	judgment	-0.3933	-0.4764	22	4	4	1	2007
489	justice	-0.0676	0.1764	5	5	5	1	2007
490	knowledge	-1.0364	-0.306	19	11	12	2	2011
491	korean american poets	0.0901	0.7093	16	5	5	1	2018
493	labor strike	-0.4365	-0.7446	27	6	6	1	2008
494	laboratory research	0.7263	0.6026	37	4	4	1	2015
495	lakota indian poets	-0.6725	0.3326	18	5	5	1	2019
496	landscape	0.0552	-0.3548	22	17	23	7	2007.8571
497	language	-0.3428	0.2535	6	26	30	6	2011.5
498	language poetry	-0.8135	-0.186	19	32	40	10	2009.6
499	latin america	1.1457	-0.8644	29	6	6	1	2017
500	law	-0.5583	0.0285	5	9	9	2	2017.5
501	lebanese civil war	-0.6631	-0.0595	2	7	7	1	2010
502	lebanese literature	-0.5374	-0.005	2	15	15	2	2012
503	left-wing politics	-0.2576	0.3793	13	5	5	1	2000
504	legal history	-0.7672	0.3558	18	6	6	1	2016
505	legal language	-0.1755	0.7575	28	4	4	1	2004
506	lesbian novelists	-0.2666	0.1579	3	5	5	1	2019
507	letters	-0.2444	0.1274	13	15	19	5	2011
508	liberalism	0.8869	-0.3053	24	15	17	3	2015.3333
509	libertarianism	0.0908	-0.0287	3	3	3	1	2005
510	libraries	-1.1327	-0.3356	19	5	5	1	2013
511	listening	-0.3797	0.2972	21	9	9	2	2007
512	literary career	-0.6737	-0.3319	2	8	8	1	2015
513	literary collaboration	-0.5825	0.1236	5	2	2	1	2000
514	literary culture	-0.0451	-0.1492	17	8	8	1	2014
515	literary history	-0.3573	2.322	54	2	2	1	2000
516	literary marketplace	-0.4937	-0.0783	2	11	12	3	2012
517	literary politics	-0.5769	-0.547	10	4	4	1	2009
518	literary relations	0.9075	-0.7854	29	5	5	1	2018
519	literary reputation	-0.0198	0.5877	16	3	3	1	2008
520	literary studies	-0.6822	0.2897	34	4	4	2	2007.5
521	literary tradition	-0.2359	0.7047	28	8	9	2	2010
522	little magazines	0.7124	-0.5093	7	10	11	2	2015.5
523	local identity	0.0082	-0.5015	4	6	6	1	2015
524	london	0.0379	-0.5415	4	13	14	3	2009.6667
525	loneliness	0.3868	0.262	1	10	10	2	2013
526	long poem	0.1589	-0.2663	32	8	8	2	2006.5
527	loss	-0.3783	-0.025	5	22	25	4	2012.5
528	lost generation	-0.3149	0.0877	21	5	5	1	2014
529	love	-0.2435	-0.2127	17	11	12	4	2009
530	lyric novel	-0.3221	-0.1965	17	6	6	1	2014
531	lyric poetry	-0.3392	-0.1751	22	21	26	5	2010.8
532	lyricism	0.8252	-0.0601	11	3	3	1	2005
533	madness	-0.6777	-0.3394	2	8	8	1	2015
534	magic realism	0.324	0.1301	1	5	5	1	2010
535	male homosexual identity	-0.8162	0.1413	2	3	3	1	2017
536	male homosexuality	-0.7978	0.075	26	4	4	1	2009
537	male identity	-0.3303	-0.6799	30	7	7	1	2011
538	maori writers	-0.7536	0.0033	26	6	6	1	2004
539	marginality	-0.0733	-0.2025	17	7	8	2	2000.5
540	marginalization	-0.1314	0.6737	16	5	5	1	2009
541	market economy	0.8232	-0.6146	7	9	9	1	2011
542	martinique literature	-0.4063	0.3235	21	4	4	1	2001
544	masculinity	0.3823	-0.3096	32	14	18	5	2008.8
545	masquerade	-0.9794	0.5258	18	5	5	1	2003
546	mass media	0.1282	-1.0142	12	4	5	2	2002
547	materiality	-0.1838	0.1803	3	14	15	4	2012.5
548	mediation	-0.6905	0.4629	34	5	5	1	2005
549	medicine	-0.0406	-0.1762	1	3	3	1	2019
550	melancholy	-0.377	0.5658	35	11	12	2	2007.5
551	memoir	-0.6269	-0.0682	2	13	13	2	2013.5
552	memory	-0.3627	-0.0078	26	38	50	10	2008.3
553	men poets	-0.2309	0.1807	21	3	3	1	2013
554	mental illness	0.2615	0.0557	25	12	12	2	2007.5
555	mental space	2.9568	0.219	45	3	3	1	2003
556	metafiction	-0.5453	-0.4239	10	14	18	5	2014.2
557	metaphor	0.3233	-0.1613	36	27	30	6	2009.5
558	metaphysics	-0.5305	-0.1024	26	4	4	1	2007
559	mexican american culture	2.3245	0.8924	51	2	2	1	2002
560	mexican american novelists	0.2101	0.5638	8	9	9	1	2017
561	mexican american writers	-0.515	0.2236	6	7	7	1	2015
562	middle class	-0.7765	-0.4841	14	6	6	1	2008
563	middle passage	0.0314	0.9535	16	3	3	1	2011
564	midrash	0.4575	0.5024	41	2	2	1	2012
567	mind-body relations	-0.2524	0.5068	6	4	4	1	2004
568	miners (1984-1985)	-0.4346	-0.7525	27	6	6	1	2008
569	minimalism	-0.6022	-1.0119	33	3	3	1	2002
571	minority novelists	-0.1939	-0.398	30	5	5	1	2012
572	minority writers	2.9832	-1.5974	43	4	4	1	2002
573	misuse	-0.1029	0.0903	3	6	6	1	2009
574	mobility	0.0235	-0.465	4	8	8	2	2008
575	modernism	-0.1122	0.0106	17	33	43	13	2008.4615
576	modernist aesthetics	0.5008	-0.5136	7	25	28	4	2012.75
577	modernist fiction	0.2125	0.0845	25	5	5	1	2011
578	modernist poetry	-0.0234	-0.3272	17	4	4	1	2001
579	modernity	0.1573	0.0188	25	11	11	2	2017
580	money	0.5984	-0.1375	23	8	10	3	2010
581	monuments	0.456	-0.5322	38	4	4	1	2001
582	moral responsibility	0.042	-0.3949	4	5	5	1	2010
583	morality	-0.1169	0.8048	28	12	13	3	2003.6667
584	mortality	-1.2043	-0.2478	19	6	6	1	2009
585	mother	-1.0491	0.5696	18	6	6	1	2003
586	motherhood	0.3255	0.383	23	6	6	1	2016
587	motorcycle	0.0812	-0.1797	22	4	4	1	2015
588	mourning	-0.3209	0.0916	21	5	5	1	2014
589	multiculturalism	0.0038	0.513	11	9	10	3	2006
591	multiplicity	-0.4254	1.0837	31	4	4	1	2009
592	muses	-0.364	-0.8051	30	3	3	1	2006
593	music	-0.468	0.2125	5	14	16	3	2013.3333
594	muslim novelists	-0.5637	-0.6003	22	5	5	1	2011
595	mystical experience	-0.5646	0.1406	5	12	13	2	2015.5
596	mysticism	2.2839	1.1532	55	2	2	1	2006
597	mythification	0.3676	0.4494	20	5	5	1	2011
598	narration	0.1684	-0.5032	30	9	11	3	2013
599	narrative	-0.7861	-0.266	19	3	3	1	2002
600	narrative authority	-0.5661	-0.2904	2	4	4	1	2009
601	narrative conventions	-0.5383	-0.5413	22	12	12	2	2012.5
602	narrative form	0.6685	-0.0854	11	24	28	6	2008.5
603	narrative poetry (2000-2009)	-0.9506	0.0981	26	2	2	1	2011
604	narrative structure	-0.353	-0.44	22	7	7	2	2008.5
605	narrative technique	0.0843	-0.7669	12	31	36	8	2007.125
607	narrative voice	-0.1591	0.2737	16	6	7	2	2000.5
608	narratological approach	-1.2019	-0.2415	19	6	6	1	2009
609	narrator	0.0978	0.0334	25	28	30	5	2013.6
610	national allegory	0.244	0.0218	25	8	8	1	2014
612	national identity	0.2757	-0.2955	38	30	41	12	2011.1667
613	national security	-0.0256	-0.3746	4	9	10	2	2011.5
615	native american culture	0.1509	-0.2639	32	7	7	1	2008
616	native american experience	-0.3096	0.5338	13	2	2	1	2003
617	native american writers	-0.664	-0.0351	26	9	10	2	2005.5
618	native american-white relations	-0.5928	0.1977	18	18	22	4	2018.5
619	natural law	-0.0922	0.8139	28	4	4	1	2002
620	nature	0.2113	0.4774	8	25	35	7	2015.1429
621	nature imagery	0.6925	-0.4136	7	4	4	1	2013
622	nature literature	0.5873	0.1838	8	2	2	1	2002
623	nature poetry	2.25	0.9251	56	2	2	1	2019
624	nazis	-0.1453	-0.0786	21	7	7	1	2018
625	negativity	0.0997	-0.4431	22	3	3	1	2001
626	neobaroque	-0.3335	-0.1057	6	4	4	1	2013
627	neoconservatism	0.5004	-0.1024	15	10	12	2	2015
628	neoliberalism	0.1777	-0.3352	27	29	34	6	2015.5
629	new york	0.6142	-0.408	29	14	17	2	2006
630	new york city	0.3047	-0.3545	29	36	45	6	2013
631	new york school	0.7156	-0.4168	7	11	14	4	2009
632	new zealand literature	-0.7496	0.0096	26	6	6	1	2004
633	nigerian civil war	0.0089	0.332	9	4	4	1	2008
634	nigerian literature	0.014	0.5075	9	18	18	5	2010
635	nisga'a indian poets	-0.6684	0.3282	18	5	5	1	2019
636	norms	-0.2518	-0.6453	33	4	4	1	2000
637	northern ireland	-0.4286	-0.033	2	4	5	2	2003.5
638	nostalgia	-0.3762	0.0607	26	15	18	3	2009.6667
640	novel (1958-1988)	-0.5541	0.081	5	4	4	1	2013
641	novelists in exile	0.8188	-0.1582	11	8	8	1	2017
642	nuclear holocaust	-1.6087	1.7735	47	2	2	1	2002
644	objectivist poets	-0.5938	0.2618	6	9	10	2	2008.5
645	objects	-0.184	0.1192	3	11	11	2	2014
646	obsolescence	0.4546	0.3704	1	5	5	1	2002
647	office workers	0.414	0.2508	1	6	6	1	2020
648	oji-cree indian novelists	-0.4941	0.1372	26	5	5	1	2019
649	ojibwa indian culture	-0.0015	0.4823	11	3	3	1	2000
650	ojibwa indian women novelists	-0.6057	0.1352	5	8	8	1	2018
651	openness	-0.0059	-0.2225	17	5	5	1	2001
652	opera	1.7873	1.5423	50	2	2	1	2020
653	oppression	-0.5837	-0.3155	2	12	12	2	2013
654	orality	-0.1004	0.3844	23	6	6	1	2013
655	orientalism	0.799	-1.8419	40	7	7	2	2013.5
656	ornamentalism	0.7894	-1.8241	40	4	4	1	2007
657	otherness	-0.1404	-0.2956	10	27	33	7	2010.2857
658	outlaw	0.1883	0.1905	1	7	7	1	2008
659	ownership	-0.1027	0.4763	15	6	6	1	2014
660	pain	-0.3269	-0.2567	17	10	10	2	2010
661	painter	0.7016	-0.6001	7	4	4	1	2010
662	painting	0.2405	0.893	13	11	11	2	2011.5
663	pakistani literature	-0.4354	-0.4544	14	6	6	1	2018
664	palimpsest	0.5725	0.0114	15	7	8	2	2010.5
665	pan-americanism	1.1445	-0.8713	29	6	6	1	2017
666	paper	0.3924	0.6436	20	3	3	1	2007
667	paradise	-0.9149	-0.2579	19	7	7	1	2009
668	paranoia	-0.3872	-0.7099	27	11	12	3	2007.3333
669	paratext	3.0461	1.6291	42	4	4	1	2005
670	parody	-0.0559	-0.7488	12	4	4	1	2005
671	"pasha, memlik (character)"	0.7945	-1.8258	40	4	4	1	2007
672	passing	-1.0483	0.8837	48	3	3	1	2017
673	passport	-0.707	-0.5833	10	2	2	1	2012
674	pastiche	-0.0423	-0.7431	12	7	8	2	2004
675	pastoral	-0.8375	0.5418	18	3	3	1	2008
676	pastoralism	0.6017	-0.3879	7	9	11	4	2009.25
677	patrick melrose novels	0.4372	-0.0988	23	6	6	1	2017
678	patterning	-0.0409	-0.5804	30	2	2	1	2003
679	pedagogical approach	-0.5655	-0.0445	2	2	3	2	2013
680	performance	-0.2924	-0.2936	17	9	10	3	2007.3333
681	performance poetry	-0.1065	0.38	23	6	6	1	2013
682	performativity	-0.0621	-0.6492	12	12	13	3	2006
683	periodicals	0.7093	-0.4792	7	3	3	1	2020
684	persona	0.5237	-0.2883	29	9	9	1	2001
685	personhood	-0.7485	0.3192	18	9	10	2	2014
686	pesticide	0.2035	0.5714	8	9	9	1	2017
687	phallic imagery	-1.0382	0.5699	18	6	6	1	2003
688	phenomenology	-0.5692	0.2323	6	12	14	2	2013.5
689	philippine literature	0.8248	-0.151	11	8	8	1	2017
690	photographs	0.0698	0.1988	1	11	12	3	2018.3333
692	place	-0.0194	-0.2261	14	21	23	6	2009.1667
693	plagiarism	0.3067	-0.0975	15	3	3	1	2005
694	plant imagery	0.0884	0.7033	16	5	5	1	2018
695	play	0.2192	-0.7966	12	7	7	1	2010
696	poetic conventions	-0.7333	0.2731	6	10	11	2	2009.5
697	poetic form	-0.3744	0.9129	31	20	25	6	2010
698	poetic inspiration	-0.2972	0.2624	13	7	7	1	2009
699	poetic language	-0.2008	0.8222	28	15	17	4	2003.75
700	poetic technique	0.0271	0.8549	16	14	17	6	2009
701	poetic voice	-0.2636	-0.4317	9	16	20	5	2008.6
702	poetics	0.1823	0.2525	41	62	91	23	2009.6087
704	poetry (1950-1959)	0.3562	0.6012	20	2	2	1	2002
705	poetry (1968-1974)	1.2166	2.0394	57	2	2	1	2006
706	poetry (1990-1999)	0.4033	1.6553	39	1	2	2	2001
707	poetry (1990-2005)	-0.8027	-0.1144	19	3	3	1	2007
708	poetry (2000-2009)	-0.241	0.2337	34	5	8	4	2011
709	poetry (2001-2009)	0.6777	0.1204	24	3	3	1	2011
710	poetry readings	-0.309	-0.3182	17	2	2	1	2006
711	poisoning	0.2183	0.5695	8	9	9	1	2017
712	polish literature	0.5974	0.032	15	6	6	1	2020
713	political activism	0.3967	0.0046	8	12	12	2	2010.5
714	political context	0.5924	0.3498	8	6	7	2	2013
715	political correctness	-1.0443	0.8853	48	3	3	1	2017
716	political ideologies	-0.4425	-0.7475	27	6	6	1	2008
717	political novel	-0.3562	2.4953	53	2	2	1	2014
718	political poetry	-0.2767	0.3256	13	11	12	2	2004.5
719	political resistance	-0.1992	0.4636	13	11	11	2	2004
720	politics	-0.2439	0.0756	2	37	44	11	2009.9091
721	polyphony	-0.3514	-0.7473	30	9	10	2	2008.5
723	popular fiction	-0.5404	-0.1335	2	5	5	1	2017
725	postapocalyptic world	-0.3481	0.0754	2	8	8	1	2014
726	postcolonial approach	-0.2856	0.1453	5	8	8	2	2019
727	postcolonial drama	0.0261	0.6244	9	4	4	1	2019
729	postcolonial identity	0.1641	0.4052	11	8	8	2	2004
730	postcolonial literary theory and criticism	0.435	0.0909	8	7	8	3	2007.6667
732	postcolonialism	0.2482	0.1177	11	54	63	12	2011.8333
733	postindustrialism	0.4953	-0.3533	32	8	8	1	2014
734	postmodern culture	0.0232	0.1333	3	2	2	1	2013
735	postmodernism	-0.3068	0.051	6	46	61	16	2007.375
736	postmodernist aesthetics	0.3101	0.1242	1	6	6	2	2012
737	postmodernist fiction	1.0985	1.2696	39	1	1	1	2003
738	postmodernist novel	0.3012	0.47	15	6	6	2	2007
739	postmodernist poetry	-0.015	-0.2742	17	9	9	2	2001
740	postmodernist short story	0.1401	-1.1205	12	6	6	1	2002
741	poststructuralism	-0.4117	-0.1721	6	8	8	3	2013.6667
742	posttraumatic stress disorder	0.0291	-0.7786	12	2	2	1	2012
743	postwar period	0.8043	-0.534	7	34	44	7	2012.8571
744	power	-0.159	-0.2126	17	19	20	4	2009.5
745	pragmatism	-1.137	-0.3412	19	5	6	2	2008
746	precariousness	0.1121	0.2958	3	4	4	1	2020
747	print culture	-0.7067	0.394	34	12	13	3	2010.3333
748	print media	-0.2574	0.212	3	5	5	1	2011
749	prison	0.1511	0.1951	1	3	3	1	2019
750	privacy	-0.4872	-0.1322	26	3	3	1	2001
751	private life	-0.6867	-0.0385	2	9	10	2	2007.5
752	procedural poetry	-0.8152	0.3014	6	4	4	1	2007
753	projective verse	-0.6224	0.2387	6	7	7	1	2012
754	proofreading	0.2848	0.621	13	6	6	1	2015
756	prose poem	-0.0118	0.1114	1	6	7	2	2018.5
757	protagonist	0.0174	-0.1463	17	13	14	2	2014
758	protest poetry	-2.9012	-0.0786	46	3	3	1	2009
759	psychoanalytic approach	-1.0152	0.5488	18	11	11	2	2003
760	psychoanalytic theory	-0.4348	-0.1845	6	2	2	1	2013
761	public art	0.4583	-0.5373	38	4	4	1	2001
762	public space	-0.2994	0.2696	13	7	7	1	2009
763	public sphere	-0.6777	0.1108	2	18	21	5	2010.2
764	publishing	-0.5345	-0.1335	2	5	5	2	2018.5
765	puerto rican literature	-0.7612	0.3596	18	6	6	1	2016
766	puerto ricans	-0.0733	-0.5658	10	6	6	1	2018
767	pun	-0.1981	0.8705	28	7	7	1	2003
768	punk rock song	0.7163	-0.5468	7	8	8	1	2011
769	queer identity	-0.3669	0.1488	3	10	10	2	2019
770	queer theory	0.0343	0.0461	9	6	6	1	2008
771	race	-0.4051	0.1893	6	15	17	4	2010.25
772	racial integration	0.9971	-0.4073	24	6	6	1	2013
773	racial politics	-1.0281	0.876	48	4	5	2	2010.5
774	racial stereotypes	-0.0328	0.2365	15	7	7	1	2015
775	racism	-0.1183	0.1212	5	50	65	11	2017.0909
776	radio	-0.4027	0.3268	21	4	4	1	2001
777	rap song (1990-1999)	0.8315	-0.6075	7	9	9	1	2011
778	rationalism	0.469	0.2971	1	4	4	1	2018
779	reader	-0.0537	-0.4189	30	44	56	12	2010.6667
780	reader response	0.4507	0.1947	15	3	3	1	2009
781	reading	-0.2334	-0.6231	33	5	6	2	2009.5
782	realism	0.0065	0.6917	28	10	11	3	2009.3333
783	recognition	-1.6009	1.7812	47	2	2	1	2013
784	redemption	-0.0282	0.3556	11	5	5	1	2013
785	refrain	0.5532	0.3325	8	5	5	1	2014
786	refugee experience	0.7156	-0.2369	24	18	20	3	2018.3333
788	regeneration trilogy	0.0199	-0.7296	12	6	6	1	2016
789	regionalism	-0.0379	-0.451	4	13	13	2	2016.5
790	religious beliefs	-0.425	0.2718	6	4	4	1	2012
791	religious identity	-0.5689	-0.5975	22	5	5	1	2011
792	religious imagery	-0.2083	-2.3735	49	2	2	1	2001
793	remembrance	0.0838	-0.0911	25	3	3	1	2007
794	renaissance art	-0.3343	0.5402	20	3	3	1	2005
795	repetition	-0.4307	0.6193	35	8	8	1	2014
796	representation	0.1457	0.3147	9	33	40	10	2006.3
797	representative man	0.4537	0.1526	25	6	6	1	2010
798	resistance	0.8198	-0.1425	11	8	8	1	2017
799	revelation	-0.3952	-0.4819	22	4	4	1	2007
800	rewriting	0.3143	-0.7955	37	1	1	1	2005
801	rhetoric	-0.6963	-0.0995	5	19	19	3	2014.3333
802	rhyme	-0.205	-0.3343	22	6	6	2	2006
803	ripley novels	0.4516	-0.4413	36	6	6	1	2013
804	"ripley, tom (character)"	0.4587	-0.4435	36	6	6	1	2013
806	rock and roll music	0.4784	-0.6334	7	2	2	1	2019
807	rock and roll song	0.6735	-0.6434	7	10	10	1	2014
808	romance	-0.4874	0.407	5	6	6	1	2018
809	romantic period	0.1597	-0.257	32	7	7	1	2008
810	romanticism	-0.2693	-0.2733	33	6	6	2	2004.5
811	rootlessness	0.0086	-0.1783	14	3	3	1	2005
812	rubbish	-0.0271	-0.7422	12	4	4	1	2003
813	ruins	0.4954	-0.0002	23	3	3	1	2019
814	rural life	-0.1614	-0.1598	5	8	8	2	2011.5
815	russian literature	-0.2619	-0.5956	33	12	16	5	2004.8
816	russian revolution (1917)	0.1865	0.0672	25	5	5	1	2019
817	sacrifice	-0.1763	0.4177	20	5	6	2	2002
818	san francisco	0.3415	-0.7146	4	6	6	1	2019
819	satire	0.1137	-0.1058	4	30	33	6	2011.8333
820	scatology	-0.9752	0.1005	26	3	3	1	2007
821	science	0.6984	0.5918	37	6	7	2	2009.5
822	science fiction	-0.5074	-0.0543	6	5	5	4	2006.5
823	science fiction novel	0.1084	-0.019	21	44	50	9	2015.6667
825	scottish literature	-0.652	-0.5332	10	17	18	8	2007.5
826	scottish nationalism	-0.6089	-0.4001	10	3	3	1	2001
827	screenplay	0.2017	0.8013	13	8	8	1	2003
828	sea metaphor	0.1308	0.5317	11	6	6	1	2011
829	secrecy	-0.0818	-0.3513	4	6	7	2	2008.5
830	secret	-0.4829	-0.1292	26	3	3	1	2001
831	self-creation	-0.2864	-0.3494	9	6	7	2	2007
832	self-examination	-0.2007	0.7043	31	4	4	1	2007
833	self-identity	0.2178	-0.1053	29	18	19	3	2004.3333
834	self-reflexiveness	0.5454	0.6376	41	3	3	1	2006
835	self-representation	2.9809	-1.6017	43	4	4	1	2002
836	self-therapy	-0.7798	-0.4903	14	6	6	1	2008
837	self-translation	-0.0635	-0.3115	4	1	1	1	2016
838	sensory perception	0.3914	0.2202	8	4	4	1	2007
839	sentimentality	-0.4178	0.069	26	2	2	1	2004
840	september 11 terrorist attacks (2001)	0.3842	0.0405	24	37	48	10	2013.7
841	sequence	-1.2128	-0.2407	19	6	6	1	2009
842	setting	-0.6691	-0.4081	14	5	5	1	2014
843	sexual desire	-1.0403	0.5638	18	6	6	1	2003
844	sexual politics	-0.6299	0.3519	18	3	3	1	2004
845	sexuality	0.1009	-0.7389	12	16	17	3	2011.3333
847	shopping	-0.2026	0.385	3	6	6	1	2020
849	sickness	-0.0333	-0.1811	1	10	10	2	2017.5
850	silence	-0.3199	0.2177	21	11	13	3	2010.3333
851	singapore literature	0.0847	0.2115	9	10	10	2	2014
852	skepticism	-0.264	-0.2579	33	2	2	1	2004
853	slave narrative	-0.7292	0.2122	18	3	3	1	2001
854	slavery	-0.7241	0.2901	18	11	12	3	2011.6667
855	sleep	0.7242	0.6073	37	4	4	1	2015
856	small change trilogy	-0.156	-0.0749	21	7	7	1	2018
857	social change	0.0515	-0.2448	3	7	7	1	2012
858	social class	-0.4058	-0.4344	14	7	7	2	2014.5
859	social context	0.0002	0.7224	16	4	4	1	2016
860	social control	0.4729	0.2945	1	4	4	1	2018
861	social conventions	-0.1046	0.0828	3	6	6	1	2009
862	social democracy	0.3327	-0.3764	38	2	2	1	2018
863	social hierarchy	-0.6942	-0.513	10	2	2	1	2002
864	social identity	-0.1564	-0.5079	10	5	5	1	2012
865	social injustice	0.1514	0.6367	8	13	14	2	2017.5
866	social justice	0.4192	0.0876	8	6	6	1	2012
867	social media	-0.5808	-0.0812	2	6	6	1	2017
868	social mobility	-0.1012	0.4684	15	6	6	1	2014
869	social network	-0.3184	-0.2342	14	7	9	2	2016.5
870	social relations	0.7859	-0.5255	7	12	13	2	2007.5
871	social roles	0.3462	0.5535	20	4	4	1	2004
872	social theory	-0.436	-0.1872	6	2	2	1	2013
873	social values	-0.2474	-0.6485	33	4	4	1	2000
875	song (2000-2009)	1.4975	0.7233	39	1	1	1	2011
876	sonnet	-0.2591	0.8082	28	4	4	1	2007
877	sound	0.2254	-0.0261	16	9	9	2	2011.5
878	sound poetry	-0.3328	-0.2976	17	4	4	1	2006
879	sound recording technology	-0.4926	0.4008	5	6	6	1	2018
880	south african literature	0.2015	0.0012	1	62	79	23	2009.7391
881	south asian american novelists	-0.0051	-0.5524	10	5	5	1	2013
883	southern american identity	0.5848	-0.6138	7	12	13	2	2009
884	southern american literature	0.4656	-0.6149	7	4	6	3	2009.6667
885	southern american writers	1.3011	1.047	39	1	1	1	2010
886	southern reach trilogy	0.2391	0.4581	8	6	6	1	2017
887	southern united states	-0.14	-0.2655	4	12	13	2	2019
888	sovereignty	0.5608	-0.1747	23	3	3	1	2004
889	soviet society	0.2543	-0.1076	21	3	3	1	2020
890	space	-0.2649	0.0615	6	27	31	6	2012
891	space travel	-0.4306	1.0809	31	4	4	1	2009
892	spanish american literature	1.1557	-0.8679	29	6	6	1	2017
893	spatial representation	0.0699	-0.6297	4	4	4	1	2004
894	spatiality	0.006	-0.6411	12	4	4	1	2008
895	spectacle	-0.4074	0.5012	20	8	8	1	2000
896	spiritual journey	-0.5307	0.1494	5	5	5	1	2013
897	spirituality	0.0453	0.9097	16	2	2	1	2008
898	spy	2.9854	-1.6043	43	4	4	1	2002
899	spy fiction	-0.1949	-0.2913	17	1	1	1	2006
900	st. lucian literature	0.1333	0.525	11	6	6	1	2011
901	state	0.0554	0.2099	9	20	23	5	2008
902	storytelling	0.0176	0.3762	9	6	6	1	2007
903	stranger	-0.0485	0.0212	23	6	7	2	2017.5
904	style	-0.7381	-0.1071	19	9	11	3	2008.6667
905	sub-saharan african literature	-0.5866	0.0265	5	6	6	1	2017
906	subjectivity	-0.0927	0.3018	11	61	72	14	2009.5
907	suburbia	0.5933	-0.4283	36	7	8	2	2014
908	subversion	0.2275	-0.8056	12	7	7	1	2010
909	sudan	0.9333	-0.2932	24	7	7	1	2019
910	sudanese literature	-0.5669	-0.606	22	5	5	1	2011
911	suffering	0.4489	-0.012	8	9	9	2	2009.5
912	sufficiency	0.4443	0.1513	25	6	6	1	2010
913	sufism	-0.5265	0.144	5	5	5	1	2013
914	supermarkets	-0.2059	0.3916	3	6	6	1	2020
915	surrealism	-0.3248	-0.019	17	6	6	1	2014
916	survivor	0.0049	0.3292	9	4	4	1	2008
917	symbolism	-2.9035	-0.0827	46	3	3	1	2009
918	tautology	-0.6948	-0.1229	19	5	5	1	2017
919	technology	0.3947	-0.5932	12	22	25	5	2013.4
920	television and video	-0.4702	-0.5116	22	2	2	1	2000
921	television drama	-0.0698	-0.3595	4	5	5	1	2013
922	temporality	2.9524	0.2202	45	3	3	1	2003
923	terror	0.264	-0.4374	27	6	6	1	2016
924	textual revision	-0.5864	-0.9792	33	6	7	3	2004.6667
925	textuality	0.3357	-0.1212	15	8	10	3	2006.6667
926	the absurd	-0.0432	0.7872	28	6	6	1	2009
927	the apocalypse	-0.4442	-0.4766	22	12	13	3	2007
928	the carnivalesque	-0.1833	-0.6862	10	3	3	1	2003
929	the cosmos	2.9559	0.2232	45	3	3	1	2003
930	the fantastic	0.0167	-0.4111	4	4	4	1	2010
931	the future	-0.1951	0.0404	2	12	12	2	2013.5
932	the holocaust	0.1765	0.1167	25	22	28	7	2009.1429
933	the homeless	0.1084	0.2998	3	4	4	1	2020
934	the impersonal	-0.238	-0.4353	9	3	3	1	2000
935	the indigenous	-0.0739	0.6933	16	9	9	2	2012.5
936	the inhuman	0.2367	0.4662	8	6	6	1	2017
937	the military	0.1377	0.1072	3	5	5	1	2020
938	the moment	0.3447	0.146	8	4	4	1	2012
939	the occult	-0.4428	-0.7566	27	7	7	2	2004
940	the ordinary	0.3688	-0.5255	27	9	10	2	2015
941	the other	-0.3144	0.3667	20	24	25	4	2008.75
942	the past	0.1518	0.3727	20	35	42	10	2010
943	the personal	-0.2587	0.429	3	4	4	1	2020
944	the poor	0.4199	0.0941	8	6	6	1	2012
945	the real	-1.6053	1.7768	47	3	4	2	2007.5
946	the right	-0.2628	-0.572	27	4	4	1	2012
947	the sacred	-0.0137	0.4209	11	8	8	2	2006.5
948	the self	-0.3864	-0.0731	2	30	32	7	2010.8571
949	the sublime	0.3992	-0.2885	12	10	13	4	2005.75
950	the uncanny	0.2308	0.4602	8	6	6	1	2017
951	the visual	0.273	0.4291	13	4	4	1	2014
952	theatricality	-0.1468	0.5421	13	6	6	1	2008
953	thief	-0.1568	0.894	28	5	5	1	2001
954	third world	0.0378	0.2108	9	4	4	1	2008
955	thought	-1.1301	-0.3439	19	5	5	1	2013
956	time	-0.2264	0.001	6	29	37	8	2013.75
957	tone	0.0422	-0.5003	3	7	7	1	2016
958	topography	0.1236	-1.0079	12	4	4	1	2004
959	tourism	0.1343	0.1133	3	5	5	1	2020
960	tragedy	-0.2166	-0.0667	13	6	6	1	2008
961	train travel	0.1906	0.0626	25	5	5	1	2019
962	transfiguration	0.6755	-0.1796	23	4	4	1	2014
963	transformation	-2.9059	-0.0787	46	3	3	1	2009
965	transitoriness	0.3555	-0.4703	27	9	9	2	2006.5
966	translation	0.2944	0.4572	15	4	4	1	2002
967	transnationalism	0.1985	0.3384	23	19	21	4	2014.75
968	trauma	-0.1192	0.065	35	47	64	14	2010.5
969	travel	1.2093	1.158	39	1	1	1	2006
970	tribalism	0.0545	0.2469	15	7	7	1	2017
971	trickster	-0.5113	0.0207	26	9	9	2	2013
972	trinidad and tobago literature	0.1505	-0.0322	25	6	6	1	2014
973	triumph	-0.1523	-0.0817	21	7	7	1	2018
974	triviality	0.036	-0.4926	3	7	7	1	2016
975	turkish literature	-0.1299	-0.4465	4	8	9	2	2018.5
976	turtle	-0.1554	-0.8914	14	4	4	1	2019
977	uighur	0.4988	-0.2129	24	10	10	1	2019
978	uncertainty	-0.0936	0.8197	28	4	4	1	2002
979	unemployment	0.5066	-0.3581	32	8	8	1	2014
981	united states	0.6896	-0.5471	29	51	69	10	2011.5
982	united states foreign policy	0.9219	-0.2905	24	7	7	1	2019
983	united states imperialism	0.2965	0.3333	20	4	4	1	2011
984	urban landscape	0.6912	-0.4187	7	4	4	1	2013
985	urban life	-0.0918	-0.3131	4	18	19	3	2012.6667
986	urban renewal	0.2258	-0.4109	27	2	2	1	2020
987	urban space	0.1894	-0.6003	4	16	16	3	2017.6667
988	user interface	0.0144	-0.0699	29	6	6	1	2011
990	utopianism	-0.2547	-0.1355	17	9	9	2	2008
991	values	0.2278	-0.7974	12	7	7	1	2010
992	vegetarianism	0.0451	-0.492	3	7	7	1	2016
993	venice	-0.6624	-0.4085	14	5	5	1	2014
994	veterans	0.477	-0.1647	24	15	16	2	2017.5
995	vietnam war	0.2843	-0.0501	3	21	27	7	2011.4286
996	vietnamese american writers	0.5995	-0.1656	24	3	3	1	2017
997	violence	0.2307	-0.0124	8	27	30	6	2011.1667
998	vision	0.2774	0.6205	13	6	6	1	2015
999	visions	0.1017	-0.448	22	3	3	1	2001
1000	visual arts	1.2141	2.0405	57	2	2	1	2006
1001	walking	0.3464	-0.7089	4	6	6	1	2019
1002	war	0.4451	0.0104	23	11	11	3	2015.6667
1003	war novel	0.418	-0.2287	24	4	4	1	2012
1004	war poetry	-0.3563	0.2652	21	5	5	1	2013
1005	waste	-0.0122	-0.6052	12	16	17	3	2011.6667
1006	welsh literature	-0.1248	-0.2932	21	19	19	4	2011.5
1007	welsh nationalism	-0.1377	-0.3439	21	2	2	1	2003
1008	west africa	0.0207	0.6274	9	4	4	1	2019
1009	western culture	3.0508	1.6319	42	4	4	1	2005
1010	white men novelists	0.4864	-0.2718	32	13	14	2	2015
1011	white novelists	0.9949	-0.4005	24	6	6	1	2013
1012	white supremacy	0.4895	-0.2072	24	10	10	1	2019
1013	whiteness	0.2632	-0.258	32	3	3	1	2006
1014	wild west	0.0543	-0.2372	3	7	7	1	2012
1015	wilderness	-1.1272	-0.3385	19	5	5	1	2013
1016	witness	0.3241	0.2019	1	11	12	2	2018.5
1017	women	-0.6697	-0.0617	2	7	7	1	2010
1018	women novelists	-0.6484	-0.4303	14	19	20	3	2013.6667
1019	women poets	-0.1904	-0.0953	17	7	10	4	2008.25
1020	women servants	0.3253	0.3936	23	6	6	1	2016
1021	women writers	-0.7265	0.4098	34	5	6	2	2006
1022	word play	-0.4153	0.6126	35	11	11	2	2009.5
1023	work	-0.6519	-0.1911	2	16	18	3	2010
1024	working class	-0.6882	-0.4931	10	5	5	2	2007
1025	working class immigrants	-0.8334	0.5449	18	3	3	1	2008
1026	working class novel	0.4984	-0.3606	32	8	8	1	2014
1027	world literature	-0.0646	-0.29	4	16	19	4	2016.25
1028	world war i	0.0226	-0.7567	12	7	8	2	2014
1029	world war ii	-0.241	0.1659	21	18	20	4	2011
1030	writer	-0.4366	-0.0375	2	4	4	1	2007
1032	xenogenesis trilogy	0.1252	-0.1211	27	8	10	2	2011
1033	xenophobia	0.4895	-0.218	24	10	10	1	2019
1034	xhosa cattle-killing (1856-1857)	0.337	0.0809	11	2	2	1	2012
1035	yippies	0.2193	-0.8053	12	7	7	1	2010
1036	zimbabwe literature	0.3189	-0.0071	1	1	1	1	2003
1037	zionism	0.5368	-0.1055	15	6	6	1	2014
1038	zombie	-0.4885	-0.4317	22	7	8	2	2013
1039	zoo	-0.3148	-0.7078	14	4	4	1	2015
